449.21
149.91
463.41
141.69
472.68
131.08
470.54
208.13
206.32
286.84
184.03
145.05
220.03
428.99
225.45
470.25
417.59
319.84
414.51
406.29
315.71
126.44
211.21
216.04
426.22
200.84
216.95
238.66
208.36
421.43
314.17
309.94
323.56
199.25
204.06
213.48
337.69
126.01
404.78
332.09
133.56
235.41
222.92
317.03
131.85
136.70
428.83
190.19
315.27
278.89
412.04
346.88
178.57
414.64
356.87
348.77
432.25
330.97
126.52
428.81
124.77
210.16
270.13
199.67
414.41
332.57
304.66
422.19
448.50
428.74
278.80
300.55
135.80
466.15
207.50
408.80
152.39
323.82
316.11
200.49
217.57
222.47
224.51
140.51
289.94
411.46
206.18
219.65
191.34
306.90
232.27
323.79
407.54
190.94
330.37
302.00
351.17
232.18
316.73
319.22
836.01
1522.69
919.12
1705.94
1263.73
630.96
1458.33
1491.68
799.66
1442.43
760.77
1559.30
1476.79
1612.12
1589.97
1474.96
797.19
755.02
1297.47
795.42
1688.95
1678.90
916.34
1156.22
802.54
1663.37
788.18
604.67
608.41
812.31
1532.59
985.88
1056.02
770.68
1423.05
766.95
1159.82
1417.78
1509.21
876.61
711.92
1057.61
1115.78
838.29
1025.68
1397.26
1611.48
1543.12
866.98
1512.12
853.05
1538.04
1019.42
1499.83
1415.18
946.57
1214.22
1255.51
786.63
732.47
1369.00
601.06
1171.68
961.62
1502.82
1445.63
800.56
620.98
1662.54
459.55
757.23
915.73
842.82
1228.80
1306.22
1458.49
1585.20
761.24
725.99
784.86
1550.41
1311.54
984.35
1690.13
1010.73
1125.73
845.99
873.77
873.98
1489.29
1569.24
1269.75
1003.54
575.63
494.62
1229.17
952.38
727.32
724.54
855.53
1894.34
1585.42
1530.06
1021.33
1545.85
1983.61
1155.09
989.37
1201.27
1653.51
1564.06
1311.94
1571.28
1118.17
1699.13
1731.66
1556.64
1065.19
1896.85
1559.57
1013.12
1406.62
1875.49
1724.08
1641.68
936.54
1349.98
1837.95
1032.02
1636.08
645.62
1559.97
1145.17
1070.37
1061.82
1729.03
1161.61
1609.08
1624.30
1599.14
1167.95
1549.61
776.12
1609.53
1692.77
1816.15
2094.85
1804.00
1607.50
1737.72
1250.29
1151.11
1965.38
1584.19
1885.99
1099.00
1507.47
880.81
1535.17
1243.92
1511.52
1027.34
1873.61
1267.33
1547.35
1742.89
1671.19
1241.41
1478.03
1865.67
1621.54
1823.53
1484.15
1182.68
979.31
929.91
1906.01
1403.18
1546.97
957.11
1981.92
1184.43
1525.09
1987.17
1498.90
1892.15
1825.85
802.41
1641.14
1167.82
1998.44
1917.27
2034.52
1936.01
1100.00
1494.18
934.04
1176.61
1664.22
1678.36
1459.43
1003.10
1331.77
833.27
1421.73
806.28
1039.70
1498.90
1391.49
1512.55
936.59
1298.04
1124.48
1212.57
1230.73
901.17
995.33
684.93
1157.59
1116.43
1548.67
833.10
751.35
1481.83
1571.22
1153.00
1278.31
1622.08
1138.59
945.44
654.65
704.84
653.76
1932.83
1316.88
789.95
737.76
597.92
925.87
1069.77
718.01
840.92
1322.06
1441.78
937.11
1120.86
1389.14
654.28
940.89
1138.79
1748.14
1000.61
630.46
1133.97
675.51
732.90
1357.71
1423.16
632.93
731.54
740.47
1152.49
1824.05
1367.11
654.60
1665.90
1458.88
861.80
754.08
1172.06
986.50
1135.67
1425.99
1324.32
1353.49
1140.91
1430.21
635.71
742.11
1257.84
761.13
985.34
1310.75
607.43
1187.24
726.93
1929.34
541.09
905.07
1383.79
644.73
943.12
670.16
1380.78
1775.41
1107.64
1419.47
819.46
1163.97
1655.31
887.63
587.78
773.48
985.25
669.31
344.71
769.87
838.67
539.43
854.59
524.71
914.52
680.36
949.13
646.43
498.08
1029.84
485.46
1207.93
468.31
891.45
335.17
824.41
812.80
635.94
712.91
1085.74
564.24
506.39
1156.97
506.96
621.96
749.71
846.89
443.39
1202.34
877.24
687.10
784.26
865.87
939.10
849.91
421.56
425.51
467.49
987.32
557.95
554.86
923.81
562.91
304.12
305.72
330.46
644.12
1199.07
602.27
868.95
778.10
441.52
823.27
851.08
758.23
899.30
760.82
1184.19
539.91
880.48
1176.55
1232.53
349.47
796.60
941.00
1202.61
1081.47
728.88
753.84
1119.31
1076.56
825.69
385.04
459.22
721.54
335.10
326.30
692.97
637.36
1149.45
893.89
761.90
1097.85
591.20
647.59
376.86
766.72
376.84
327.35
1124.50
807.20
746.02
759.78
1018.14
862.20
637.79
319.46
1051.24
237.10
747.42
621.20
872.96
648.34
903.15
781.21
651.75
438.63
299.96
777.68
764.83
1224.03
874.79
445.70
1011.01
730.16
1238.19
426.70
642.79
503.00
645.53
785.39
794.80
368.47
665.65
961.37
772.67
634.70
301.70
799.10
1001.05
341.62
1108.51
631.76
848.53
1041.37
784.57
310.63
506.57
387.37
1229.07
1123.74
360.74
747.61
1527.35
1189.43
1325.46
1435.77
1228.73
499.89
678.63
735.71
1112.42
1445.31
749.92
1438.47
913.89
651.29
1479.12
715.55
735.96
601.58
934.03
1368.08
627.67
611.27
876.29
1492.45
1280.20
710.62
1467.24
695.46
1303.51
686.72
642.48
1145.08
612.24
597.85
774.66
1514.99
1351.10
964.83
1122.96
1278.42
1502.95
869.17
1046.61
1495.05
726.62
908.56
1409.72
1258.27
797.31
1299.12
1466.63
755.02
1561.25
1421.60
590.31
1458.64
849.81
603.89
786.04
1518.46
849.63
1093.65
1193.48
1534.38
1454.04
777.52
1114.73
1343.56
1428.98
672.37
1535.57
485.99
1397.86
515.81
882.22
1310.43
1293.91
742.01
1462.06
1021.73
863.39
593.22
698.37
1505.85
856.44
667.42
1504.92
1433.23
810.70
1509.77
540.04
1017.29
718.88
975.52
981.52
1171.32
634.36
1299.65
1448.59
787.48
1895.85
1982.05
1986.67
1996.17
1816.08
1997.26
1994.88
1964.20
2046.70
1968.90
1980.53
1956.69
1789.67
1985.06
1891.41
1938.51
1803.95
2028.37
1888.08
1898.91
1873.56
1823.17
2025.34
1929.64
2058.98
1847.71
1931.02
2089.42
1761.37
2096.87
1832.42
1851.46
1951.15
1924.64
2048.23
1751.33
1825.17
1978.69
1948.38
1786.66
1925.05
1993.31
1964.37
1861.73
1865.72
1883.31
1941.70
1744.07
2225.99
2128.24
1827.63
1956.10
1845.07
1957.47
1989.51
1890.19
1997.64
2185.36
1905.10
1880.15
1793.47
1937.19
1814.77
1931.77
1953.94
1859.02
1945.69
1833.08
1963.91
1807.93
2150.24
1965.13
1921.32
1978.68
1887.77
2088.91
1874.01
2128.99
1936.09
1865.46
1961.85
1840.26
1846.98
1920.64
1522.18
1949.03
1922.41
1882.04
1948.19
2026.95
1138.37
1962.58
2058.78
1907.05
1990.79
1816.43
1916.43
2072.03
1141.44
1946.21
1320.50
1201.89
959.43
1841.66
1464.90
796.39
1218.74
1294.82
601.91
1206.83
2180.39
1536.50
1840.20
1768.94
1546.25
1952.98
1694.20
1822.77
1825.70
1433.14
1380.63
2249.68
1754.56
1843.86
1451.26
1449.93
1624.64
819.09
1978.53
1486.03
1668.60
1573.66
1782.76
1106.91
1495.54
2002.32
632.35
1862.19
1677.70
435.11
1905.15
1967.49
1163.05
671.22
1325.67
1720.15
1864.08
722.63
1606.12
1431.91
876.26
1470.79
1225.14
2106.79
1592.75
1026.11
1556.16
1954.25
1274.85
1848.94
1286.53
1122.12
788.18
192.26
1344.11
1260.54
1138.14
1994.85
1336.99
845.69
1619.39
1374.56
1388.65
564.62
1510.76
1608.66
1460.24
1709.07
674.11
1628.02
1257.06
988.56
1500.53
1879.60
605.20
1694.12
1462.57
1727.69
968.99
1767.69
2199.99
868.56
1343.23
1331.08
1513.77
1712.58
1771.49
1318.95
1025.06
1220.68
1453.75
1822.23
1536.83
1761.63
1870.11
1853.35
1836.53
1805.48
1305.60
1711.94
1364.15
1261.93
1143.05
1460.18
1458.51
1306.32
1505.59
1432.80
1327.62
1596.73
911.80
1621.21
1786.95
1185.83
1238.90
2208.15
1154.67
1684.05
1525.35
1889.86
511.32
1427.27
1348.89
1141.87
640.37
1481.52
1074.85
1187.49
1739.26
1243.14
837.36
1385.61
827.29
1847.88
1034.41
1949.57
1891.79
1085.15
858.17
1771.71
1667.52
1569.93
1882.40
2209.00
1475.04
745.80
1639.44
695.45
1286.03
1903.82
1926.92
808.01
619.94
1384.43
1622.57
1141.17
795.47
1675.83
1476.06
2084.70
1843.72
1855.35
978.66
1807.78
1239.87
1427.45
1719.01
1932.12
1690.40
1638.86
957.26
1816.67
1902.76
1559.32
1618.15
1402.20
547.78
1077.80
750.78
1447.31
1969.42
1893.68
1311.29
1487.67
1119.78
1484.27
1719.49
1762.30
1329.53
1664.02
1541.82
1371.73
1923.57
1533.97
1052.64
1634.45
1386.05
1523.63
1636.87
1962.37
1505.53
1697.56
1757.78
1513.21
1630.74
2176.12
1873.83
2103.35
1530.34
980.87
1148.29
2152.48
1959.70
1915.96
1373.07
1679.34
851.40
511.62
1422.61
1608.26
1164.65
997.53
1198.65
1916.42
1958.43
1631.04
1706.17
1949.98
2019.31
1769.41
1515.84
1655.69
1829.40
1502.00
1990.77
1481.39
1327.48
1818.43
1778.53
1874.73
590.44
718.55
1861.68
1558.32
1743.08
2107.00
1625.02
1941.54
1619.04
2064.65
1237.32
1784.79
774.21
1551.35
1665.32
1014.08
1306.42
1502.88
959.47
1926.90
1656.33
797.13
1583.66
1771.44
768.24
1222.14
1622.71
1788.96
1832.32
1444.93
1057.89
953.47
962.03
1480.07
1384.56
786.39
1104.40
1074.73
1076.75
1806.01
1548.25
1040.60
1121.17
1229.73
1125.62
1552.41
587.31
1290.84
1217.58
1720.30
730.23
1322.86
1009.77
1887.72
1466.38
1495.72
1826.08
1718.53
706.28
1906.00
1723.02
1116.06
1169.87
1695.25
1577.10
1215.70
1710.90
1786.32
1685.65
1622.21
715.45
1791.10
700.31
1383.41
1349.80
1622.49
1187.40
1615.41
1822.26
939.62
1486.25
1275.72
1866.61
1630.84
1359.66
648.51
1217.89
1857.64
1667.31
867.65
1800.16
1429.97
1210.30
1785.73
1505.51
1420.65
569.99
1105.23
1843.35
1705.76
997.47
955.11
1865.24
1165.12
1355.62
1692.53
1678.94
1483.36
824.14
1813.18
1563.43
1792.90
1814.77
1385.19
1518.19
1607.80
1881.47
770.44
1690.89
1656.53
1550.34
1391.15
1764.20
802.51
1672.37
1496.07
1903.10
1986.72
1561.96
1658.95
1490.45
1806.33
1683.07
937.95
1017.72
1289.58
1277.39
1490.49
1788.14
2083.92
1506.99
1227.20
1259.34
1191.19
1517.44
1196.36
2076.80
1705.15
1761.89
1241.41
1643.66
1557.13
285.60
2135.29
1379.03
1621.69
1630.32
1888.28
1879.07
914.30
643.36
1193.29
723.44
1825.65
1085.04
1916.51
503.59
1386.04
1725.40
1537.89
1580.92
1461.42
1214.34
1774.24
1097.04
1623.75
1706.44
1543.04
1964.50
1693.86
720.95
1569.55
640.71
1613.70
1461.31
1773.33
865.20
1503.45
1274.96
977.57
1636.36
867.70
1671.16
1664.17
1692.06
1952.17
1812.48
1497.09
1189.51
1133.34
1686.74
1268.69
1584.84
1355.63
750.45
1171.58
1335.20
1002.06
1793.77
1365.29
1998.36
506.09
1807.09
1469.49
1828.37
1646.80
392.37
811.26
1793.54
653.38
989.57
1532.24
1500.28
1701.61
1338.48
1810.82
1321.06
1770.54
809.60
1499.96
1528.23
1185.67
1543.87
1560.20
1623.51
446.29
1150.92
769.94
1447.68
1555.57
1083.29
1185.63
910.07
1104.65
1076.13
1568.89
1864.78
1904.51
1954.96
1401.83
1928.06
1819.64
1043.44
1243.00
847.31
1100.38
1507.17
1226.23
1779.49
1835.54
1513.88
835.56
1583.89
1228.40
1704.29
1724.97
1961.50
1193.00
1811.72
867.08
1525.16
1307.34
1113.73
1722.26
1394.91
1643.45
1808.02
915.91
1263.72
1527.21
729.59
1621.90
1364.68
890.28
1826.04
1498.92
2236.51
1209.45
573.19
1168.65
1521.97
1849.80
1769.91
1700.09
1362.46
1040.91
1636.47
1665.27
1407.57
1471.65
1970.00
1378.15
1600.92
1435.76
1684.78
1828.46
1789.36
1832.28
1292.43
1123.44
1141.54
1440.60
1591.12
1001.88
1916.35
1577.48
807.76
1517.73
1978.80
1501.73
1164.51
1014.85
1522.37
1241.77
798.85
1350.99
929.42
1416.50
1247.02
1266.20
1640.21
930.01
1279.99
1224.55
1165.73
1512.29
1554.28
730.99
1696.89
1205.17
523.28
1376.93
942.76
1445.21
1125.59
1694.46
1203.98
1449.87
1282.28
1740.94
1144.94
1600.47
1200.40
1640.74
1890.85
2136.87
1669.50
1346.20
639.62
1791.89
1553.29
1495.77
1401.22
1617.81
1933.33
1516.02
1503.44
1508.88
1083.23
2045.75
1816.33
1916.47
1162.47
1378.21
1644.10
1637.84
1449.90
727.85
1828.09
1485.60
1784.75
1405.67
840.97
1724.12
1877.77
1365.45
1951.74
1527.29
1557.23
752.85
1487.12
2080.18
1457.66
1628.25
1923.80
1722.17
1497.68
1869.55
1503.80
1525.75
1534.60
1553.27
1581.53
2196.73
919.88
766.26
1790.01
1505.86
1249.06
415.40
1324.41
806.68
952.73
1826.96
966.91
1521.44
1735.80
1766.79
1424.29
1851.07
1406.54
1109.90
1424.40
1921.15
1573.99
1633.47
947.51
1384.57
938.42
1545.61
1510.76
1301.74
1470.29
1692.88
1606.41
1194.94
1680.33
1501.49
1636.07
1789.16
1180.24
1933.35
1501.38
1785.68
1075.54
2037.48
1637.49
1972.65
1289.13
1083.17
1963.68
1797.99
1506.81
1016.39
1461.73
1788.42
1530.04
1623.06
1381.68
463.24
1646.07
1046.81
1268.10
1264.33
2249.20
1306.69
1418.11
1658.83
1078.49
664.30
1336.84
1521.09
1396.86
1552.75
970.15
1109.97
1467.58
1467.23
1474.23
1432.55
1860.54
1552.07
1208.43
925.61
1486.18
1754.01
1582.52
1415.42
1479.92
651.47
1324.82
1062.96
784.41
1300.93
1629.50
1617.69
1884.50
1256.48
1716.35
929.70
1612.67
1868.54
1120.16
1998.43
1204.15
1863.76
734.69
604.95
1480.35
1121.24
1823.53
1260.71
1812.72
1603.04
1478.68
1540.24
1206.92
912.81
1821.38
1739.44
580.87
1212.14
853.93
1151.20
947.76
1482.27
1490.74
1566.36
1996.78
644.75
858.78
598.17
1384.00
1107.21
1542.79
1005.17
2156.90
1606.98
311.87
1550.08
1202.62
648.68
1174.02
1457.78
855.33
1803.07
1199.85
1642.01
859.20
456.85
1480.29
1114.00
1481.15
1549.57
1195.66
1637.86
428.68
616.41
1683.82
1690.81
733.70
987.05
1157.05
1459.58
1474.46
1376.30
1796.87
452.00
1328.00
844.03
1516.59
1686.55
1805.60
1675.36
1471.49
1899.31
1405.69
1959.22
1224.02
1624.95
809.50
1469.84
1267.68
768.33
1584.27
1692.30
1607.29
1636.41
1446.57
1675.09
1475.71
1204.99
1382.50
1265.45
846.55
1755.52
1618.77
1505.05
1376.60
2055.27
1811.44
1785.11
438.79
1141.22
1286.59
2033.06
1544.46
1075.91
1504.22
955.64
1918.15
1695.48
2186.91
1632.28
1507.94
992.00
2048.37
1713.55
397.48
1357.62
909.30
1346.18
1524.60
1533.58
1503.19
1675.32
1461.48
1881.87
1386.79
1146.61
840.76
1604.97
790.06
1490.50
1519.32
1063.43
649.31
894.06
1377.79
1114.28
1578.30
1047.84
1838.97
1701.60
680.27
1516.27
1477.21
1396.46
1307.61
1305.45
1776.51
1512.52
1875.60
2166.22
1949.61
1634.25
1373.02
1149.69
1503.01
1500.15
1772.63
1749.82
597.15
1800.65
1876.04
1867.86
1756.08
1315.20
1388.59
1166.48
1215.86
1750.39
736.68
345.23
929.02
533.52
1289.90
1042.82
946.67
677.68
928.19
1597.61
1498.79
589.81
1265.65
1875.66
926.18
1798.16
1866.32
1462.60
1678.84
442.06
1497.03
1522.52
944.14
1302.23
1421.37
1179.63
1978.19
726.99
1559.33
713.79
2171.98
1218.60
1927.02
1189.14
1442.44
1316.71
1619.53
680.87
1400.68
490.74
1390.53
1657.45
1849.56
508.97
1761.27
700.73
1089.07
976.74
1216.99
1707.64
1384.81
1517.96
1531.75
870.43
633.24
1215.38
1943.19
1790.57
1155.52
2099.48
1840.94
1651.52
1001.39
1574.10
1451.88
771.19
1647.92
1138.47
1700.36
1315.74
1438.07
1646.03
1502.17
1389.33
1678.38
1727.39
1636.64
1475.19
1240.20
1580.94
1797.07
1121.54
1681.48
1189.22
849.70
1684.15
1621.61
1965.40
983.40
1183.68
1176.23
1068.35
1834.35
1236.45
1985.07
631.64
1367.66
1449.65
1319.14
1500.60
1784.92
1942.57
1571.55
1178.75
1292.15
1721.19
2098.97
523.86
1959.02
781.92
1031.63
1774.97
1043.09
1481.28
571.80
1900.78
1511.34
1951.82
1970.00
1292.27
1675.37
1530.55
1955.40
1649.57
1477.59
963.80
842.93
1603.49
842.79
1700.09
1346.17
1356.51
2275.04
1622.66
1629.40
1548.13
1091.45
1764.13
1762.88
1963.31
619.43
1031.11
1069.89
1468.56
1804.09
1692.55
1502.14
1866.51
1660.13
1494.69
1658.47
1778.75
1514.46
2006.94
971.02
1374.09
968.18
1694.92
1191.40
1737.51
636.13
1336.98
815.39
1238.34
1218.98
1201.38
530.04
1446.49
1415.27
1663.93
1173.01
712.15
1119.51
1610.81
534.45
678.93
1646.75
1736.35
1251.19
1743.74
1680.71
1756.21
1659.95
1636.12
1654.81
1343.18
1794.58
1587.51
1325.21
730.28
1146.01
1113.21
1474.10
583.65
1518.81
1900.66
1719.27
1381.26
1464.36
952.95
1721.61
2132.17
1489.33
1190.70
1833.31
1174.77
1364.33
1526.25
1567.06
977.83
1203.12
1888.69
1808.43
1927.16
1423.46
1650.37
1821.72
1655.76
1945.93
1731.55
1584.43
1708.36
1389.48
1816.67
1394.14
1629.75
1275.75
1493.24
1537.05
1481.61
775.01
678.12
1719.28
1634.03
1203.87
1120.05
1125.95
1501.92
1233.24
618.38
730.70
1543.12
1677.46
1546.46
1474.28
1970.38
1930.15
2044.15
1251.60
1546.37
962.82
1257.96
953.83
1787.36
657.90
1700.01
1130.79
1699.29
1164.61
1370.92
1608.53
978.76
1509.98
1749.22
522.27
1407.71
1239.47
1475.15
1404.56
1556.40
758.72
1433.97
1561.53
222.56
733.57
1855.56
1534.00
860.20
1170.93
1864.59
670.99
763.96
1881.63
1703.49
1727.91
1910.01
1939.11
1288.79
1540.79
1267.44
1826.93
1584.67
1609.55
1662.18
1948.99
604.84
1758.50
1314.40
1580.10
1536.25
811.87
1234.33
1544.70
1498.73
826.31
1409.87
1892.66
1451.24
894.80
1529.65
1341.89
1586.13
1864.85
1923.05
583.27
241.57
806.76
1656.79
1773.17
1187.38
1595.25
1560.69
1814.25
1689.67
1740.23
600.55
1844.55
1935.05
1570.42
1747.70
1947.56
1447.84
1881.41
1484.99
1233.69
1455.83
916.21
1657.13
1517.89
1758.05
1226.16
1492.63
300.15
1889.81
1414.80
1425.82
516.06
858.73
1861.45
1524.07
1713.41
1023.74
1815.68
1432.76
883.75
1872.77
1288.71
898.42
701.42
1234.03
1916.84
1901.44
1419.02
630.48
1184.91
1140.57
1023.96
1736.37
1263.98
1367.06
1339.29
1509.55
1539.04
1815.67
828.45
1432.63
1860.71
1674.04
425.53
1960.98
1490.53
2240.58
1771.58
826.42
1145.30
599.58
1681.21
1691.57
769.44
1170.85
1722.19
581.43
1117.13
848.72
1633.67
1533.37
2183.05
953.70
1253.65
1203.05
1619.91
1921.82
671.25
1909.12
1386.44
1454.21
679.78
1707.93
1524.54
1903.29
1801.30
724.07
1638.22
1184.38
1871.43
1473.46
1656.65
1663.67
781.62
1151.66
1057.99
977.24
1516.26
1487.39
1723.35
1478.66
1365.41
1556.19
1234.26
1387.89
1471.90
2033.23
1072.75
1857.05
1604.73
1652.73
1483.27
1129.95
1463.82
1918.46
1707.23
832.75
1570.84
1538.11
2055.23
1678.93
1686.40
1788.26
1445.33
1494.53
1663.28
1789.99
1173.49
1562.23
831.60
1717.01
1802.26
498.64
1634.70
1898.70
1870.14
1498.74
1411.40
792.28
1206.03
1793.11
1158.11
1767.35
1267.28
776.05
1530.39
1564.18
1425.13
1828.20
1216.78
402.18
901.45
1768.16
1975.40
1792.73
1643.37
2038.92
1348.36
1527.95
1709.02
1611.45
1343.64
1493.35
1461.40
1672.36
1086.18
1596.27
1530.29
1117.48
969.23
707.62
1900.98
1249.87
1442.04
877.49
1153.85
1470.00
1589.80
1117.02
1326.85
1736.27
793.23
1895.33
982.87
779.96
1698.76
1088.01
1711.14
1928.54
1100.62
1754.03
1844.12
1936.83
725.18
433.93
893.94
1532.28
1774.48
591.54
1811.49
1816.31
1290.98
1619.47
806.36
699.54
1728.93
791.79
216.15
1284.78
1888.66
1732.55
1640.30
1954.12
1729.99
2034.11
1666.97
1413.44
1252.01
1656.99
877.82
1507.72
1487.93
1800.66
1214.00
1631.85
1252.99
1639.46
1565.33
1475.45
1422.56
1193.37
1819.44
1032.59
1754.75
2116.82
769.61
1857.30
228.63
1998.62
1315.02
1710.60
1714.70
1000.34
1852.11
2014.63
1651.61
1618.72
615.25
1514.16
1708.01
1575.36
1412.73
1768.40
1106.41
2001.41
1578.07
1227.41
298.84
1907.89
484.18
321.58
1256.75
911.56
1821.32
1795.16
1460.47
1810.79
1578.98
1476.55
1541.46
1096.75
801.72
1703.50
1211.37
1581.05
1375.54
1467.53
1702.15
1628.51
1504.46
692.38
773.23
1459.22
1858.94
1012.91
707.04
1216.25
1172.33
1337.21
1006.58
1660.66
1515.89
1793.43
764.29
1792.88
862.30
1952.56
1942.86
1451.96
1247.08
1494.58
843.75
1861.59
1311.62
926.30
1608.26
1062.28
840.83
570.18
938.00
547.91
1907.78
1909.22
1720.72
1263.19
1137.54
529.17
1514.79
1742.39
1118.32
445.95
1634.63
1653.07
602.89
1398.74
750.09
966.04
1222.51
2023.36
859.42
387.06
1280.50
1894.55
1540.15
1897.97
1893.89
1199.43
1638.81
1914.04
1269.64
923.79
1058.86
1725.08
1335.32
1608.67
971.29
1567.90
2152.33
1651.14
1157.83
1931.15
1955.35
1352.40
1684.40
1530.52
996.44
1888.35
1370.91
1263.27
1556.56
1760.09
1494.22
568.91
1507.45
788.03
1080.72
266.21
1700.71
1907.81
1717.94
1185.79
1292.07
1715.92
1908.99
1605.83
1286.66
1478.38
621.59
1836.64
1865.23
1115.23
1781.28
1260.87
1730.24
1885.87
1622.08
688.50
947.97
1499.46
1840.96
1524.92
1214.00
925.84
1389.83
1129.16
1783.89
1524.59
1855.06
1546.28
930.33
1818.67
1503.97
1659.83
1008.96
1575.45
1117.89
944.82
1484.58
1632.47
1528.15
1494.68
1956.37
1192.93
758.59
953.03
1757.29
1576.88
1656.00
1374.22
1267.67
1289.71
693.80
1974.59
1104.37
1882.38
960.91
1665.67
611.80
1419.05
1238.44
1065.92
420.98
1701.66
1710.99
595.85
1144.71
2029.49
1872.24
1218.43
1867.54
1489.33
1574.16
1643.77
1517.82
2169.19
924.45
650.30
1920.91
1657.90
1524.29
1805.35
2187.96
1503.61
1683.81
1593.04
1393.96
1204.72
1200.83
1293.71
1678.96
1487.80
1972.45
1510.30
1592.94
1630.52
1683.36
1096.55
1820.99
1071.64
1400.01
1456.75
1659.31
1988.80
617.91
1121.60
1420.16
1935.48
1774.54
1130.98
1930.28
1643.43
1657.54
1756.18
941.69
854.89
1807.20
322.47
1836.66
1929.23
1912.01
1740.22
1374.36
1497.28
1502.77
1838.32
315.16
1638.17
1177.45
1203.87
1967.19
1250.19
1261.86
1437.63
1621.76
1624.17
1526.68
1578.82
1415.58
1807.27
817.02
1339.01
1164.54
1156.32
726.44
706.68
954.55
1577.54
584.28
1529.00
865.71
1494.05
1899.65
1893.82
1518.07
1897.14
1497.91
1340.78
1661.89
1907.12
1205.06
604.30
1170.32
1786.73
1617.74
1912.84
1947.65
694.55
482.10
1790.06
1118.96
1784.35
955.46
1867.05
1174.97
1576.29
1180.21
1210.52
1365.41
1442.11
1917.69
1241.05
1977.13
1521.24
1420.16
1699.18
1701.15
1903.34
1772.13
1572.68
1324.59
2107.09
1178.97
808.76
1594.77
1298.76
1618.54
872.76
1298.31
1302.30
1673.21
1621.74
2005.05
1227.36
1479.49
1574.34
531.68
1651.74
1547.10
1841.79
1857.44
610.86
599.08
1671.73
1825.93
1181.05
1852.28
828.36
1157.89
1396.59
759.61
2164.72
1408.55
1123.25
1798.44
1108.25
1452.52
1029.80
756.77
1467.56
1570.72
1771.49
1500.43
1727.18
1596.40
1156.51
1868.27
1644.46
1457.62
1864.27
332.81
1697.56
1332.25
1699.80
629.90
723.00
1904.87
1839.27
1307.38
944.95
1577.41
1909.61
1702.17
1280.65
1663.52
1655.16
1268.71
1707.89
1643.48
1483.39
1139.02
1310.53
924.85
1778.39
2066.13
1608.52
1925.59
2161.44
1823.46
1513.73
1647.65
717.60
915.59
1503.00
800.63
1513.03
1460.67
1863.38
1110.11
1705.79
1654.02
1604.89
1737.86
1557.22
1779.59
378.20
931.96
699.26
1440.10
761.03
1906.90
924.17
2128.21
1667.09
1297.85
1075.74
504.57
951.94
1598.92
1492.26
1644.97
969.18
916.47
1365.46
1298.90
1612.79
894.27
942.11
1541.19
1527.48
2007.27
883.11
1255.51
503.48
821.98
1646.61
1420.65
1788.17
1522.76
1534.71
1508.72
1807.99
1183.61
1147.11
1885.02
1531.35
1524.93
824.41
1503.88
1761.20
387.60
1838.26
1876.69
1108.42
1498.91
1043.10
1770.49
1204.39
1456.03
1486.13
1530.22
690.33
1681.06
1621.99
1629.09
967.52
1051.02
1873.03
642.79
1766.54
1949.58
866.28
1488.96
1897.87
1478.42
789.50
1823.25
1188.67
1198.24
1428.31
1827.43
997.41
1358.96
1967.20
1580.87
1226.34
1668.03
1645.68
1360.59
1077.39
1534.64
1196.97
730.02
1243.59
1464.25
387.38
1646.49
466.65
1534.82
1246.58
1705.32
1675.07
1850.78
1455.72
1519.27
426.45
900.69
1527.44
1858.73
1189.82
1634.42
1927.99
1027.88
1455.56
1527.54
1146.02
1576.01
474.94
2214.97
1457.14
988.22
794.13
608.93
1855.03
1434.06
1471.95
1913.96
1802.91
1295.41
1625.42
1515.90
1042.66
1855.84
1635.53
1622.62
1537.53
1502.65
1945.70
1494.95
1743.57
1076.13
903.77
1708.31
1802.33
1411.35
1021.35
2009.03
1455.09
1721.65
1623.32
1622.48
1473.47
1170.37
1572.39
1324.88
1893.42
1214.37
1769.14
1676.44
1614.08
2191.05
1367.46
1456.52
1665.67
1589.07
1445.93
856.17
1067.72
1671.19
1484.58
1817.09
1619.93
1316.68
917.63
1158.48
1086.85
1844.88
1562.24
1280.95
1833.87
1392.75
1698.93
2027.07
1896.58
1615.32
1635.82
1678.88
1206.31
547.18
1642.49
1997.35
1793.92
1833.75
2229.06
1754.97
1861.35
1258.65
1048.77
1272.89
1737.50
1620.87
1624.64
1205.71
1646.16
1710.15
987.72
1807.38
1405.49
1967.19
2157.39
1245.80
866.01
1599.26
1786.19
1696.36
1692.90
1013.04
1928.71
1838.16
1903.58
1362.73
1566.56
1938.05
391.12
686.29
1400.32
863.80
1358.97
1136.82
1770.22
1072.15
1221.72
1170.65
1202.92
1704.01
1663.21
1342.32
1185.83
1729.52
868.61
1556.44
936.53
1975.52
1497.56
1498.99
1318.76
1500.33
1721.01
1307.91
1149.04
469.67
883.29
1577.62
924.67
1445.99
1576.14
1603.80
2108.72
1867.82
1748.40
1620.82
1693.75
1429.67
1876.07
1505.71
1570.58
1865.04
1959.12
1538.24
1742.11
1561.71
1543.92
1825.00
1081.27
1199.01
2020.38
2070.39
1542.79
948.78
1690.63
1966.16
1533.84
1638.15
1003.43
1954.08
928.74
1673.63
728.92
1250.89
1603.22
714.14
1519.19
939.79
1890.92
1767.15
1677.59
1197.45
1150.22
1343.74
1915.93
1880.60
1514.41
1714.52
1361.95
892.20
1603.80
1192.85
1605.02
1218.51
1526.15
1858.85
1960.26
1951.94
1489.53
890.22
1832.86
1216.49
1645.79
1445.85
1735.55
1243.33
1030.14
1204.17
1675.57
1490.31
1525.85
1098.42
1704.46
1574.40
1789.68
1988.83
1712.40
473.07
1361.72
1140.87
1394.83
2268.05
809.89
1607.44
1838.00
1206.56
1285.87
1820.15
1735.51
1598.39
1690.10
595.33
835.09
1271.48
1590.52
1570.13
1656.98
1588.53
1645.43
1460.15
1521.37
858.08
1665.15
1810.91
1901.12
1863.93
1816.48
1519.64
890.57
933.06
1627.94
903.79
1534.15
1502.34
1569.48
929.41
1652.72
1947.00
946.68
1066.47
952.51
920.39
1725.21
1292.20
1763.02
1829.20
1553.92
927.72
1460.81
905.85
1398.08
1606.21
1097.47
1595.92
1548.99
1010.23
923.81
1462.63
1081.00
1873.16
1264.62
1274.66
1706.64
1478.25
821.08
1208.59
1522.19
884.58
626.12
613.54
464.98
1352.38
1783.51
701.86
1614.62
1618.81
1657.64
1555.17
1692.85
1918.50
825.35
1450.47
2173.18
1570.14
1765.98
1340.91
1348.69
1690.04
1373.93
1320.44
1048.25
1607.09
1738.61
1460.50
1182.54
1643.61
777.70
1023.76
951.50
1639.46
1062.63
1423.93
831.66
952.88
1423.82
1012.50
867.08
444.40
1777.14
937.82
848.71
1867.22
728.51
1950.44
1403.09
1631.37
1849.60
1447.96
830.92
1782.04
1850.83
1771.38
670.68
961.33
1002.37
1643.21
608.23
1512.17
1665.17
1479.25
1896.83
1118.20
1110.09
1720.00
1536.10
1920.39
2001.93
1496.07
1676.39
1722.95
712.50
1602.70
1070.04
1778.95
941.11
296.94
858.58
1249.66
1770.47
1870.03
979.62
1544.17
1308.19
852.27
1405.34
1664.39
1535.20
1606.05
1879.81
792.42
1614.77
862.22
1785.00
1171.21
1212.65
1089.37
1981.02
1384.97
1310.54
1961.09
1627.21
1219.75
1891.18
1590.15
1595.45
1979.65
1778.92
1167.12
1502.28
1331.73
1673.76
1249.03
1733.51
1113.56
1615.09
1617.85
1780.87
1849.51
2272.24
2107.05
735.18
1490.29
1925.23
1565.44
706.60
746.32
1145.63
2004.46
1368.64
1436.16
1767.33
874.86
1636.71
1522.84
1760.16
535.90
1004.28
1684.33
1770.82
906.29
1137.23
1948.91
1753.38
1719.12
1725.24
1281.59
487.53
1918.48
1435.11
1215.03
2252.01
1470.88
1092.03
1245.53
1546.52
1722.49
1856.29
1756.24
940.99
1670.91
1304.49
1587.19
1885.36
1442.45
1757.27
1350.84
1750.41
852.07
766.14
1135.01
1369.27
1771.95
1163.14
1892.65
1276.84
1478.94
1466.72
1324.25
908.87
1212.03
1957.21
1873.13
1283.97
896.75
1116.82
1526.97
2124.86
907.92
1777.91
1454.17
2138.17
1504.01
1954.14
683.52
1638.70
1375.99
1104.34
1475.41
1187.09
1069.84
1604.38
1229.50
1131.75
1549.20
1466.32
1674.77
1468.54
1513.74
1390.62
2295.35
1533.96
1423.34
1118.27
1193.21
1909.03
1599.11
1562.81
809.01
1470.77
1810.86
1628.10
1794.66
2096.04
884.98
1568.74
1740.97
1635.69
928.39
1880.61
641.65
1514.75
1597.68
1548.72
1250.67
794.19
1171.41
1763.26
1057.46
1585.71
1227.28
1558.68
1779.59
1265.75
1269.25
1625.89
1648.86
1769.58
469.68
1308.71
1107.53
1785.67
1866.98
519.17
1176.21
1342.91
1678.66
1896.99
1357.72
1877.38
1833.31
1055.65
1553.72
1937.28
1577.78
1565.31
1498.23
1036.01
1893.80
1424.10
1259.53
1397.28
1823.36
1370.97
577.06
1401.12
1882.70
788.25
1471.68
1609.40
1364.44
1498.56
904.71
776.74
1690.67
1673.27
1228.23
1114.31
1898.34
890.18
1878.09
606.11
1565.15
792.10
1261.75
1358.63
850.88
907.53
1470.40
835.05
1837.91
1391.01
1321.09
1899.55
1320.53
1457.33
1530.82
1344.19
1354.65
1281.61
1377.91
1677.89
880.05
771.81
927.93
604.18
2073.22
1758.18
1292.42
1208.46
505.92
1241.84
1442.20
1443.48
1278.36
2218.46
1261.45
1348.83
1573.50
1796.47
1754.24
1603.33
1725.30
1408.75
1745.05
1859.92
1478.35
1608.35
1524.18
773.89
1729.05
1261.58
1105.34
1827.06
1924.81
1840.13
1237.73
1658.54
873.37
885.35
1870.22
1247.81
1683.27
463.30
1440.54
1802.73
751.76
1604.13
1651.93
1936.97
293.92
1314.41
2032.51
1950.48
688.73
1296.57
1602.89
1848.29
1711.28
1917.23
1392.27
1511.90
799.81
1512.86
1069.55
775.34
1422.02
194.33
1914.51
674.97
706.14
1564.16
1337.23
2209.82
1231.98
1912.04
1976.40
925.42
1851.60
1599.27
2065.01
746.02
702.09
1642.26
1588.81
1607.86
642.51
1673.97
2173.87
1168.09
1144.31
675.87
1741.09
1790.96
1640.42
2026.75
1620.21
1545.09
548.11
1147.29
1766.35
2001.04
1732.09
1842.46
794.02
1616.04
1422.72
1982.49
1313.16
1381.10
1644.36
1373.04
776.28
1908.50
1330.69
1522.99
1894.90
1393.16
1337.41
1500.94
1955.38
786.02
848.28
1987.21
1776.73
564.28
1588.65
1520.81
1536.14
1897.42
1809.21
1289.24
919.95
1686.62
1492.62
948.17
756.68
1482.92
920.16
1483.49
1329.25
1511.93
1891.42
1668.44
945.94
1685.08
1584.91
1241.10
1347.42
1820.25
1749.81
1661.12
1732.06
1503.24
1930.55
1665.87
1836.50
1880.20
1295.04
1346.00
1576.02
1247.13
1721.44
1713.16
1855.61
1484.45
1756.79
1998.69
592.63
1284.67
683.89
1729.05
1552.10
1664.17
1412.94
698.96
1351.49
1294.39
1439.69
1278.29
1823.59
1935.21
1264.39
1994.68
682.02
1575.91
965.15
1620.57
1198.95
1151.29
1641.01
1465.93
1197.63
702.35
1421.03
1460.58
1501.32
1831.45
1697.22
1486.43
1744.27
1765.19
1500.84
1549.15
1367.97
1255.56
1464.73
1932.92
1029.63
1000.26
1836.11
747.68
1829.05
1585.52
1502.44
1453.70
1783.14
1382.35
1882.67
1826.82
1021.87
1781.15
1185.11
753.98
1381.36
941.34
1808.94
1867.53
1509.07
1480.12
1652.00
295.04
1651.22
1199.58
1192.14
1724.58
1042.27
767.60
1737.49
926.96
1328.76
1682.28
793.98
1513.41
682.55
719.88
1440.55
1798.68
1208.00
1001.48
1574.72
978.58
1914.35
1677.04
1618.46
1634.36
1460.99
1428.18
746.65
1715.73
1860.81
765.24
745.10
852.82
1686.72
1816.19
1123.53
1924.10
1272.12
1174.38
1917.84
1312.35
1935.49
835.39
1396.53
1562.34
922.51
1816.54
1303.79
1170.48
1774.78
1303.02
939.70
1809.30
1971.92
1561.37
1607.56
1193.39
1176.90
1386.62
1634.86
1334.51
1941.31
1654.54
1430.13
1232.34
857.64
1788.57
1559.29
1296.63
1449.72
1891.94
2190.19
732.84
1789.32
1734.34
800.49
286.70
1548.37
1425.87
1367.55
1087.25
847.57
1530.41
1718.14
1483.65
1740.54
1603.05
1412.14
1029.30
1594.88
1040.50
1141.26
1513.35
1134.53
1114.54
680.83
920.23
1802.71
2036.11
1746.69
1852.53
1208.98
1650.38
1699.29
1227.82
1335.84
1957.11
1249.83
1598.95
1692.62
2002.77
1568.63
1400.92
1543.61
1932.19
981.00
868.16
1455.08
1558.13
1016.94
1015.34
1174.34
1272.10
1817.89
1437.64
1334.33
1845.22
1564.03
1614.36
318.38
405.74
1994.15
1711.52
999.30
1826.63
856.62
1067.76
690.18
1649.15
1220.87
2016.53
861.85
1538.07
1430.21
699.58
1880.00
1194.54
723.85
1355.66
1751.61
1653.62
1290.76
1899.00
1506.07
642.39
1832.92
2064.79
1424.18
2141.45
1192.15
2153.32
1260.73
1738.49
976.10
1462.51
864.84
1145.06
1599.95
1496.84
1360.34
1557.74
806.52
830.10
1522.30
